60  3  0  0
   1    9.7933249999999994  -26.389469999999999  0
   2    -15.206670000000001  -9.7228010000000005  0
   3    -15.206670000000001  -4.1672459999999996  0
   4    9.7933249999999994  1.388309  0
   5    9.7933249999999994  12.499420000000001  0
   6    -15.206670000000001  6.9438649999999997  0
   7    9.7933249999999994  18.05498  0
   8    9.7933249999999994  -26.389469999999999  25
   9    -15.206670000000001  -31.94502  25
  10    -15.206670000000001  -26.389469999999999  25
  11    9.7933249999999994  -15.278359999999999  25
  12    9.7933249999999994  -9.7228010000000005  25
  13    -15.206670000000001  -15.278359999999999  25
  14    9.7933249999999994  -4.1672459999999996  25
  15    -15.206670000000001  1.388309  25
  16    -15.206670000000001  12.499420000000001  25
  17    9.7933249999999994  18.05498  25
  18    9.7933249999999994  -31.94502  0
  19    9.7933249999999994  -31.94502  25
  20    9.7933249999999994  -20.833909999999999  25
  21    9.7933249999999994  -20.833909999999999  0
  22    9.7933249999999994  -15.278359999999999  0
  23    9.7933249999999994  -9.7228010000000005  0
  24    9.7933249999999994  -4.1672459999999996  0
  25    9.7933249999999994  6.9438649999999997  25
  26    9.7933249999999994  1.388309  25
  27    9.7933249999999994  6.9438649999999997  0
  28    9.7933249999999994  12.499420000000001  25
  29    -15.206670000000001  18.05498  0
  30    -15.206670000000001  18.05498  25
  31    -15.206670000000001  12.499420000000001  0
  32    -15.206670000000001  1.388309  0
  33    -15.206670000000001  6.9438649999999997  25
  34    -15.206670000000001  -4.1672459999999996  25
  35    -15.206670000000001  -9.7228010000000005  25
  36    -15.206670000000001  -20.833909999999999  0
  37    -15.206670000000001  -20.833909999999999  25
  38    -15.206670000000001  -15.278359999999999  0
  39    -15.206670000000001  -31.94502  0
  40    -15.206670000000001  -26.389469999999999  0
  41    -2.7066725000000016  -31.94502  25
  42    -2.7066724999999998  -12.5005805  25
  43    -2.7066724999999998  4.166087000000001  25
  44    -2.7066724999999998  -12.500580500000003  0
  45    9.7933249999999994  -1.3894685000000013  12.5
  46    -15.206670000000001  18.05498  12.5
  47    -2.7066724999999998  18.05498  25
  48    -15.206670000000001  -6.9450234999999978  12.5
  49    -15.206670000000001  5.5549782500000013  12.422841493827102
  50    9.7933249999999994  -18.056134999999998  12.5
  51    -2.7066725000000016  4.166087000000001  0
  52    -2.7066724999999998  -31.94502  0
  53    -15.206670000000001  -31.94502  12.5
  54    -5.2529688796297282  -22.222800250000002  0
  55    9.7933249999999994  -31.94502  12.5
  56    9.7933249999999994  18.05498  12.5
  57    -2.7066725000000016  18.05498  0
  58    -15.206670000000001  -19.445021749999995  12.577162172839403
  59    -5.2529688796297265  -22.222800249999999  25
  60    9.7933249999999994  8.3327557499999987  9.9537050740741009