93  4  0
    1      34    15    43    48
    2      42    13    58    59
    3      40    39    52    53
    4      25    26    43    45
    5      24    44    45    51
    6       3     2    44    48
    7      44     3    48    51
    8      43    45    49    51
    9      38    44    48    58
   10      45     4    51    60
   11      15    43    48    49
   12      44    23    45    50
   13      22    23    44    50
   14      14    12    42    45
   15      50    42    58    59
   16      10    53    58    59
   17      42    34    43    48
   18       3    32    48    51
   19      14    42    43    45
   20      13    37    58    59
   21      44    42    48    58
   22      21    22    44    50
   23      12    11    42    50
   24       4    24    45    51
   25       9    10    41    53
   26      48    32    49    51
   27      17    28    47    56
   28      43    45    48    49
   29      32     6    49    51
   30      31    46    49    57
   31      30    16    46    47
   32      50    44    54    58
   33      52     1    54    55
   34      43    16    47    49
   35      53    54    58    59
   36      41     8    55    59
   37      33    16    43    49
   38      31    29    46    57
   39      15    33    43    49
   40      21     1    50    54
   41      43    25    45    60
   42      42    44    50    58
   43      37    10    58    59
   44       6    31    49    51
   45       8    20    50    59
   46      36    40    54    58
   47      42    43    45    48
   48      12    42    45    50
   49      44    21    50    54
   50      31    49    51    57
   51       8    19    41    55
   52      45    44    48    51
   53      46    49    57    60
   54      27     5    51    60
   55      45    48    49    51
   56       5    56    57    60
   57      50    54    55    59
   58      16    46    47    49
   59      10    41    53    59
   60      49    51    57    60
   61      23    24    44    45
   62      47    43    49    60
   63      44    42    45    48
   64      18     1    52    55
   65      26    14    43    45
   66      11    20    42    50
   67      53    52    54    55
   68      43    45    51    60
   69      35    34    42    48
   70      52    40    53    54
   71       7     5    56    57
   72      42    44    45    50
   73       2    38    44    48
   74      13    35    42    48
   75       1    50    54    55
   76      20    42    50    59
   77      54    50    58    59
   78      54    53    55    59
   79      42    13    48    58
   80      40    53    54    58
   81      28    47    56    60
   82      49    43    51    60
   83      38    36    54    58
   84       4    27    51    60
   85      46    47    49    60
   86      44    38    54    58
   87       8    50    55    59
   88      53    41    55    59
   89      51     5    57    60
   90      28    25    43    60
   91      56    46    57    60
   92      47    46    56    60
   93      28    43    47    60